%YAML:1.0
cameraMatrix: !!opencv-matrix
   rows: 3
   cols: 3
   dt: d
   data: [ 8.6432317746039882e+002, 0., 6.4260287886028050e+002, 0.,
       8.6607972724823333e+002, 5.1772189202424090e+002, 0., 0., 1. ]
distCoeffs: !!opencv-matrix
   rows: 1
   cols: 5
   dt: d
   data: [ -3.9264482516532848e-002, 1.2108300644614921e-002,
       1.7727201407466122e-004, -2.6219931733955384e-003,
       5.8122642658744617e-002 ]
cameraToWorldMatrix: !!opencv-matrix
   rows: 3
   cols: 3
   dt: f
   data: [ 1.81732821e+000, -6.40100539e-002, -4.44972656e+002,
       3.93610671e-002, 1.81716847e+000, -3.78804169e+002,
       1.24527141e-005, -1.17869859e-005, 9.96262252e-001 ]
