%YAML:1.0
cameraMatrix: !!opencv-matrix
   rows: 3
   cols: 3
   dt: d
   data: [ 8.6432317746039882e+002, 0., 6.4260287886028050e+002, 0.,
       8.6607972724823333e+002, 5.1772189202424090e+002, 0., 0., 1. ]
distCoeffs: !!opencv-matrix
   rows: 1
   cols: 5
   dt: d
   data: [ -3.9264482516532848e-002, 1.2108300644614921e-002,
       1.7727201407466122e-004, -2.6219931733955384e-003,
       5.8122642658744617e-002 ]
cameraToWorldMatrix: !!opencv-matrix
   rows: 3
   cols: 3
   dt: f
   data: [ 1.81528485e+000, -4.42078374e-002, -4.12481262e+002,
       5.19776903e-002, 1.79539609e+000, -3.63956421e+002,
       1.96681358e-005, -6.30280010e-006, 9.84170973e-001 ]
